=======================================================================================================================================
BRZINA | KOEFICIJENT PUTA | RADOV NA PUTU | MOGUCNOST ODRZAVANJA SAOBRACAJA
=======================================================================================================================================
0 0.00 0.00 0.00   200 0.40 0.00 1.00   50 0.60 0.00 1.00   0 0.00 0.00 0.00   76 0.70 0.00 1.00   86 0.70 0.00 1.00   0 0.00 0.00 0.00   
200 0.40 0.00 1.00   0 0.00 0.00 0.00   0 0.00 0.00 0.00   55 1.00 0.00 1.00   0 0.00 0.00 0.00   0 0.00 0.00 0.00   0 0.00 0.00 0.00   
50 0.60 0.00 1.00   0 0.00 0.00 0.00   0 0.00 0.00 0.00   0 0.00 0.00 0.00   0 0.00 0.00 0.00   0 0.00 0.00 0.00   0 0.00 0.00 0.00   
0 0.00 0.00 0.00   55 1.00 0.00 1.00   0 0.00 0.00 0.00   0 0.00 0.00 0.00   70 0.80 0.00 1.00   50 0.00 0.00 1.00   0 0.00 0.00 0.00   
76 0.70 0.00 1.00   0 0.00 0.00 0.00   0 0.00 0.00 0.00   70 0.80 0.00 1.00   0 0.00 0.00 0.00   0 0.00 0.00 0.00   0 0.00 0.00 0.00   
86 0.70 0.00 1.00   0 0.00 0.00 0.00   0 0.00 0.00 0.00   50 0.00 0.00 1.00   0 0.00 0.00 0.00   0 0.00 0.00 0.00   60 0.80 0.00 1.00   
0 0.00 0.00 0.00   0 0.00 0.00 0.00   0 0.00 0.00 0.00   0 0.00 0.00 0.00   0 0.00 0.00 0.00   60 0.80 0.00 1.00   0 0.00 0.00 0.00   
=======================================================================================================================================
