=======================================================================================================================================
BRZINA | KOEFICIJENT PUTA | RADOV NA PUTU | MOGUCNOST ODRZAVANJA SAOBRACAJA
=======================================================================================================================================
0 0.00 0.00 0.00   300 0.00 0.00 1.00   50 0.60 0.00 1.00   0 0.00 0.00 0.00   120 0.00 0.00 1.00   290 1.00 0.00 1.00   0 0.00 0.00 0.00   
300 0.00 0.00 1.00   0 0.00 0.00 0.00   0 0.00 0.00 0.00   290 1.00 0.00 1.00   0 0.00 0.00 0.00   0 0.00 0.00 0.00   0 0.00 0.00 0.00   
50 0.60 0.00 1.00   0 0.00 0.00 0.00   0 0.00 0.00 0.00   0 0.00 0.00 0.00   0 0.00 0.00 0.00   0 0.00 0.00 0.00   0 0.00 0.00 0.00   
0 0.00 0.00 0.00   290 1.00 0.00 1.00   0 0.00 0.00 0.00   0 0.00 0.00 0.00   70 0.80 0.00 1.00   50 0.00 0.00 1.00   0 0.00 0.00 0.00   
120 0.00 0.00 1.00   0 0.00 0.00 0.00   0 0.00 0.00 0.00   70 0.80 0.00 1.00   0 0.00 0.00 0.00   0 0.00 0.00 0.00   0 0.00 0.00 0.00   
290 1.00 0.00 1.00   0 0.00 0.00 0.00   0 0.00 0.00 0.00   50 0.00 0.00 1.00   0 0.00 0.00 0.00   0 0.00 0.00 0.00   60 0.80 0.00 1.00   
0 0.00 0.00 0.00   0 0.00 0.00 0.00   0 0.00 0.00 0.00   0 0.00 0.00 0.00   0 0.00 0.00 0.00   60 0.80 0.00 1.00   0 0.00 0.00 0.00   
=======================================================================================================================================
